1
1
10
0
(1 0
((0,0,0) (15,15,3) (0,0,0))
)
1
FabOnDisk: Cell_D_00000 0

1,10
1.63598246699811870e-11,1.05430048984554242e-16,0.00000000000000000e+00,-4.55085002791215700e+01,-6.24298291878180578e+00,-4.39171884661326750e+00,-3.66935187605093552e-04,-1.16563542721619627e-04,-1.36029900351009193e-06,0.00000000000000000e+00,

1,10
2.25522666327547209e+30,2.60540261154089767e+68,7.84946818320971929e+00,1.16759530022371560e+01,1.09788208403559850e+00,8.94188019248245070e+00,2.75866660292577387e-04,2.59218260259800125e-05,1.44161962928767679e-06,1.21745584756693541e-04,

