1
1
10
0
(1 0
((0,0,0) (15,15,3) (0,0,0))
)
1
FabOnDisk: Cell_D_00000 0

1,10
1.63598246699811870e-11,1.05430048984554242e-16,1.14557026348943536e+00,-1.33103452085890361e-01,-5.96532101495416966e-02,-6.78502931721506330e-02,-3.60492810857157752e-20,-6.19804969362757656e-05,0.00000000000000000e+00,0.00000000000000000e+00,

1,10
2.37217881779778539e-01,3.22535097005211485e-06,2.50885738619520504e+00,3.54622797004073564e-01,5.39269936476509115e-01,5.75408803857661022e-01,1.80246405428578876e-20,3.23929084974928005e-06,0.00000000000000000e+00,2.56574901282371785e-08,

