1
1
10
0
(2 0
((0,0,0) (15,15,3) (0,0,0))
((16,0,0) (31,15,3) (0,0,0))
)
2
FabOnDisk: Cell_D_00000 0
FabOnDisk: Cell_D_00000 82009

2,10
1.79769313486231571e+308,1.79769313486231571e+308,1.79769313486231571e+308,1.79769313486231571e+308,1.79769313486231571e+308,1.79769313486231571e+308,1.79769313486231571e+308,1.79769313486231571e+308,1.79769313486231571e+308,1.79769313486231571e+308,
1.79769313486231571e+308,1.79769313486231571e+308,1.79769313486231571e+308,1.79769313486231571e+308,1.79769313486231571e+308,1.79769313486231571e+308,1.79769313486231571e+308,1.79769313486231571e+308,1.79769313486231571e+308,1.79769313486231571e+308,

2,10
-1.79769313486231571e+308,-1.79769313486231571e+308,-1.79769313486231571e+308,-1.79769313486231571e+308,-1.79769313486231571e+308,-1.79769313486231571e+308,-1.79769313486231571e+308,-1.79769313486231571e+308,-1.79769313486231571e+308,-1.79769313486231571e+308,
-1.79769313486231571e+308,-1.79769313486231571e+308,-1.79769313486231571e+308,-1.79769313486231571e+308,-1.79769313486231571e+308,-1.79769313486231571e+308,-1.79769313486231571e+308,-1.79769313486231571e+308,-1.79769313486231571e+308,-1.79769313486231571e+308,

