1
1
10
0
(1 0
((0,0,0) (15,15,3) (0,0,0))
)
1
FabOnDisk: Cell_D_00000 0

1,10
1.79769313486231571e+308,1.79769313486231571e+308,1.79769313486231571e+308,1.79769313486231571e+308,1.79769313486231571e+308,1.79769313486231571e+308,-3.60492810857157752e-20,-6.19804969362757656e-05,0.00000000000000000e+00,0.00000000000000000e+00,

1,10
-1.79769313486231571e+308,-1.79769313486231571e+308,-1.79769313486231571e+308,-1.79769313486231571e+308,-1.79769313486231571e+308,-1.79769313486231571e+308,1.80246405428578876e-20,3.23929084974928005e-06,0.00000000000000000e+00,2.56574901282371785e-08,

